4541
0000
0001
0002
0005
0008
0011
0012
0015
0016
0019
0020
0021
0023
0024
0025
0027
0032
0033
0034
0037
0039
0041
0042
0043
0044
0046
0047
0049
0050
0056
0057
0058
0060
0062
0063
0064
0065
0067
0070
0071
0076
0078
0083
0086
0087
0090
0092
0094
0095
0098
0099
0100
0101
0102
0103
0104
0105
0107
0115
0117
0121
0122
0129
0130
0133
0137
0141
0143
0147
0148
0149
0150
0151
0156
0160
0162
0168
0175
0176
0177
0178
0181
0183
0185
0186
0189
0190
0197
0204
0205
0209
0212
0214
0217
0223
0224
0229
0231
0235
0238
0240
0243
0252
0257
0258
0265
0269
0271
0275
0277
0281
0285
0286
0290
0294
0299
0303
0306
0307
0312
0323
0326
0327
0331
0335
0341
0348
0349
0360
0366
0377
0387
0389
0394
0402
0406
0407
0411
0412
0430
0443
0446
0455
0472
0474
0476
0478
0482
0493
0494
0496
0505
0559
0733
0768
0860
1001
1017
1589
3346
4541